[pic02.jpg]
filters=fill=1,0.523364;finetune2=1,0.181287,0.117895,0.053333,00000000,0.000000;
moddate=0ff6e28c4d8bd201
width=1163
height=1017
textactive=0
